101011000
101100000
110001010
110001011
101011000
110001100
110001101
101011100
101011000
101100000
101101000
101101000
000100000
100001010
001100101
101000101
101000101
101011000
101100000
101101000
101101000
000101000
100001001
101110100
001000001
001100000
101000000
101110000
001000010
101110101
001000011
001101000
101000000
101110000
001000110
000001011
100010011
000011001
100010010
000010110
100110011
000110010
100110010
001110000
101100010
010000010
001111110
101011010
101000010
010000010
011011011
001110010
001000110
001001000
101100001
010001101
010001110
001011001
001110010
001000001
100100100
001010000
101100110
010000010
001111010
101011110
101000110
010000010
011011011
001010110
001000010
001011000
101100011
010000111
010000110
110000100
001000011
110000101
000001011
100110101
000011001
100110110
000010000
100110101
000000010
100110110
001001000
110001100
001010000
110001101
110000010
001000011
110000011
000011001
100110111
000001011
100111000
000000010
100110111
000010000
100111000
001001000
110001010
001010000
110001011
101000101
101000101
100100001
101000100
101000100
100100000
101011000
